18 18
2.0 2.0 2.0 2.0 0.0 0.0 0.0 0.0 0.0 6.0 6.0 6.0 6.0 6.0 0.0 0.0 0.0 0.0 
2.0 2.0 2.0 2.0 0.0 0.0 0.0 0.0 0.0 6.0 6.0 6.0 6.0 6.0 0.0 0.0 0.0 0.0 
2.0 2.0 2.0 2.0 0.0 0.0 0.0 0.0 0.0 6.0 6.0 6.0 6.0 6.0 0.0 0.0 0.0 0.0 
2.0 2.0 2.0 2.0 0.0 0.0 0.0 0.0 0.0 6.0 6.0 6.0 6.0 6.0 0.0 0.0 0.0 0.0 
0.0 0.0 0.0 0.0 8.0 8.0 8.0 8.0 8.0 0.0 0.0 0.0 0.0 0.0 16.0 16.0 16.0 16.0 
0.0 0.0 0.0 0.0 8.0 8.0 8.0 8.0 8.0 0.0 0.0 0.0 0.0 0.0 16.0 16.0 16.0 16.0 
0.0 0.0 0.0 0.0 8.0 8.0 8.0 8.0 8.0 0.0 0.0 0.0 0.0 0.0 16.0 16.0 16.0 16.0 
0.0 0.0 0.0 0.0 8.0 8.0 8.0 8.0 8.0 0.0 0.0 0.0 0.0 0.0 16.0 16.0 16.0 16.0 
0.0 0.0 0.0 0.0 8.0 8.0 8.0 8.0 8.0 0.0 0.0 0.0 0.0 0.0 16.0 16.0 16.0 16.0 
6.0 6.0 6.0 6.0 0.0 0.0 0.0 0.0 0.0 18.0 18.0 18.0 18.0 18.0 0.0 0.0 0.0 0.0 
6.0 6.0 6.0 6.0 0.0 0.0 0.0 0.0 0.0 18.0 18.0 18.0 18.0 18.0 0.0 0.0 0.0 0.0 
6.0 6.0 6.0 6.0 0.0 0.0 0.0 0.0 0.0 18.0 18.0 18.0 18.0 18.0 0.0 0.0 0.0 0.0 
6.0 6.0 6.0 6.0 0.0 0.0 0.0 0.0 0.0 18.0 18.0 18.0 18.0 18.0 0.0 0.0 0.0 0.0 
6.0 6.0 6.0 6.0 0.0 0.0 0.0 0.0 0.0 18.0 18.0 18.0 18.0 18.0 0.0 0.0 0.0 0.0 
0.0 0.0 0.0 0.0 16.0 16.0 16.0 16.0 16.0 0.0 0.0 0.0 0.0 0.0 32.0 32.0 32.0 32.0 
0.0 0.0 0.0 0.0 16.0 16.0 16.0 16.0 16.0 0.0 0.0 0.0 0.0 0.0 32.0 32.0 32.0 32.0 
0.0 0.0 0.0 0.0 16.0 16.0 16.0 16.0 16.0 0.0 0.0 0.0 0.0 0.0 32.0 32.0 32.0 32.0 
0.0 0.0 0.0 0.0 16.0 16.0 16.0 16.0 16.0 0.0 0.0 0.0 0.0 0.0 32.0 32.0 32.0 32.0 
