16 16
1.1648266798862617 1.2267243153247531 1.4281610109248728 -0.26342552753666565 -0.061988831936545946 0.0 -0.18569290631547442 -0.7900029931158337 4.284756622268781 3.6804465354684224 3.494480039658785 3.6801729459742587 4.284483032774618 -0.7902765826099971 -0.18596649580963787 0.0 
1.2268155118228075 1.269257894343011 1.3937715130200539 -0.4150025254414846 -0.2904889067644418 -0.24795532774618378 -0.4064108799760551 -0.9030286590841066 4.335793456300508 3.839175677192457 3.6804465354684224 3.823337885363663 4.258417202933254 -1.074154912451362 -0.639075594881772 -0.49591065549236757 
1.4282522074229271 1.3937715130200539 1.2070010850044897 -0.8325421842262795 -1.0193126122418437 -1.0537021101466626 -1.1044653546842262 -1.165285468422628 4.396613570038911 4.335793456300509 4.284756622268781 4.258417202933254 4.008671617779109 -1.8315928052978152 -2.0813383904519602 -2.107404220293325 
-0.2634255275366657 -0.4146377394492667 -0.8321773982340617 6.282125486381323 5.864585827596528 5.713008829691709 5.825669709667764 6.0879265190062855 -1.1655590579167914 -0.90330224857827 -0.7902765826099971 -1.073425340466926 -1.8308632333133792 12.467333882071236 11.709895989224783 11.426017659383419 
-0.061988831936545946 -0.2901241207722239 -1.0189478262496259 5.864585827596528 5.135762122119126 4.907262047291231 5.127615234959593 5.825669709667764 -1.1047389441783897 -0.4066844694702185 -0.18596649580963787 -0.6383460228973362 -2.0806088184675247 11.709895989224783 10.267633193654595 9.814524094582461 
0.0 -0.2475905417539659 -1.0533373241544446 5.713008829691709 4.907262047291231 4.659306719545047 4.9068972612990125 5.712644043699491 -1.0537021101466626 -0.24795532774618378 0.0 -0.4951810835079318 -2.106674648308889 11.426017659383419 9.814524094582461 9.318613439090093 
-0.18596649580963787 -0.4063196834780006 -1.1043741581861717 5.826034495659982 5.127980020951811 4.90726204729123 5.104268931457647 5.710015713858126 -1.3610179399880276 -0.7552711575875487 -0.5578994874289135 -0.9869327110146662 -2.3368878142771625 11.594241993415146 10.24428689015265 9.81452409458246 
-0.7902765826099971 -0.9029374625860522 -1.1651942719245734 6.088291304998504 5.826034495659982 5.7130088296917085 5.710015713858126 5.506423974857826 -2.164609678988327 -2.368201417988626 -2.370829747829991 -2.538324509877282 -2.8299138543849143 11.88583133792278 11.594241993415146 11.426017659383417 
4.284756622268781 4.335519866806345 4.396339980544747 -1.1655590579167914 -1.1047389441783897 -1.0537021101466628 -1.3601971715055372 -2.1637889105058363 13.96517743564801 13.16158569664771 12.854269866806346 13.083662264292128 13.57668830439988 -2.8306434263693503 -2.337617386261598 -2.1074042202933256 
3.6804465354684224 3.838902087698293 4.3355198668063455 -0.90330224857827 -0.4066844694702185 -0.24795532774618378 -0.7544503891050583 -2.367380649506136 13.16158569664771 11.548655436246634 11.04133960640527 11.532270465429512 13.083662264292126 -2.539054081861718 -0.9876622829991021 -0.49591065549236757 
3.494480039658785 3.6801729459742587 4.284483032774618 -0.7902765826099971 -0.18596649580963787 0.0 -0.5570787189464231 -2.3700089793475003 12.854269866806346 11.041339606405268 10.483440118976356 11.040518837922777 12.853449098323853 -2.370829747829991 -0.5578994874289135 0.0 
3.6804465354684224 3.823337885363663 4.258417202933254 -1.074154912451362 -0.639075594881772 -0.49591065549236757 -0.9868415145166117 -2.5382333133792274 13.084483032774619 11.533091233912002 11.041339606405268 11.50114206076025 12.929456936545943 -2.8807594096079017 -1.452444533822209 -0.9918213109847351 
4.284756622268781 4.258417202933254 4.008671617779109 -1.8315928052978152 -2.0813383904519602 -2.107404220293325 -2.336796617779108 -2.82982265788686 13.577509072882371 13.084483032774617 12.854269866806344 12.929456936545943 12.801351578868601 -4.1627109211313975 -4.29081627880874 -4.21480844058665 
-0.7902765826099971 -1.073425340466926 -1.8308632333133792 12.467333882071236 11.709895989224783 11.426017659383419 11.59351242143071 11.885101765938341 -2.8306434263693503 -2.539054081861718 -2.370829747829991 -2.8793002656390305 -4.161251777162526 24.643916492068243 23.361964980544748 22.852035318766838 
-0.18596649580963787 -0.6383460228973362 -2.0806088184675247 11.709895989224783 10.267633193654595 9.814524094582461 10.243557318168213 11.59351242143071 -2.337617386261598 -0.9876622829991021 -0.5578994874289135 -1.4509853898533374 -4.289357134839868 23.361964980544748 20.523593235558216 19.629048189164923 
0.0 -0.4951810835079318 -2.106674648308889 11.426017659383419 9.814524094582461 9.318613439090093 9.813794522598025 11.425288087398982 -2.107404220293325 -0.49591065549236757 0.0 -0.9903621670158635 -4.213349296617778 22.852035318766838 19.629048189164923 18.637226878180186 
